25 (1395)
52 (1983)
164 (744)
240 (1399)
274 (2628)
328 (663)
368 (7828)
448 (1370)
538 (3982)
561 (2783)
630 (1523)
687 (1762)
730 (602)
775 (3771)
825 (3085)
834 (1373)
39 (4258)
120 (4973)
205 (3605)
401 (3667)
581 (2943)
704 (1794)
814 (1672)
35 (1984)
249 (615)
674 (2527)
712 (845)
733 (1141)
759 (788)
854 (2847)
950 (1463)
422 (1255)
449 (1890)
857 (1588)
895 (3385)
937 (4681)
964 (1518)
229 (2281)
262 (660)
283 (4082)
294 (1445)
352 (902)
381 (2959)
708 (1090)
738 (2129)
766 (6265)
853 (1804)
883 (4902)
966 (3921)
978 (1141)
26 (527)
104 (1158)
143 (1417)
320 (540)
569 (2835)
620 (2100)
798 (3103)
7 (997)
185 (1529)
214 (1893)
350 (3069)
529 (7057)
658 (1881)
682 (4132)
782 (2767)
809 (2163)
947 (3690)
970 (2086)
227 (1818)
390 (2685)
71 (3507)
192 (2004)
208 (1483)
272 (659)
279 (3014)
280 (2108)
300 (582)
496 (1428)
530 (1263)
597 (2883)
618 (1337)
675 (2976)
720 (3864)
855 (939)
914 (4037)
932 (1786)
183 (3883)
193 (925)
217 (5375)
256 (785)
276 (2479)
277 (982)
474 (815)
512 (611)
626 (874)
653 (2634)
706 (1923)
878 (2047)
161 (2320)
175 (2791)
177 (4629)
424 (1448)
490 (1066)
571 (2902)
623 (1845)
795 (3361)
910 (1695)
960 (2732)
125 (1287)
130 (1711)
327 (662)
839 (854)
392 (2420)
461 (1498)
801 (835)
862 (3649)
27 (2165)
78 (2471)
845 (585)
900 (1165)
921 (2425)
938 (766)
147 (1383)
411 (2047)
572 (1589)
579 (2164)
657 (506)
778 (2514)
803 (2237)
842 (752)
903 (711)
266 (1022)
290 (1793)
458 (1124)
478 (522)
523 (2244)
614 (3134)
888 (3686)
944 (2794)
969 (849)
43 (1721)
70 (2411)
176 (582)
204 (2174)
334 (2146)
369 (592)
480 (2309)
513 (1287)
703 (546)
835 (732)
874 (2237)
278 (657)
151 (2611)
432 (985)
504 (1296)
830 (841)
890 (1437)
73 (2179)
118 (916)
310 (1390)
388 (938)
419 (5057)
469 (1502)
484 (971)
722 (5845)
810 (1267)
844 (2814)
846 (1480)
918 (3012)
528 (576)
967 (1695)
188 (650)
307 (702)
326 (1488)
403 (1722)
526 (2793)
774 (2046)
788 (2386)
789 (4309)
975 (1764)
116 (2193)
198 (1461)
201 (1029)
395 (990)
171 (1097)
541 (3735)
701 (1283)
805 (1789)
946 (1350)
471 (2894)
487 (3135)
631 (2793)
638 (2288)
640 (932)
678 (1329)
735 (1689)
780 (2306)
935 (1742)
17 (1683)
242 (2325)
758 (2860)
763 (1862)
837 (619)
956 (3626)
145 (4559)
385 (1676)
676 (2717)
731 (560)
790 (1094)
792 (1306)
885 (3043)
522 (2725)
565 (640)
617 (2614)
859 (1242)
12 (3415)
296 (2210)
354 (5835)
548 (2843)
684 (5408)
740 (1632)
841 (1927)
210 (2009)
346 (3470)
477 (2462)
605 (1652)
829 (6810)
851 (577)
884 (1645)
234 (1416)
355 (958)
460 (4438)
649 (1292)
746 (1982)
600 (1192)
709 (672)
28 (1454)
157 (1140)
742 (953)
5 (1094)
115 (1775)
178 (654)
517 (1201)
736 (1470)
744 (2177)
919 (3710)
196 (2096)
489 (3420)
494 (5102)
641 (1494)
673 (1635)
723 (829)
362 (4388)
591 (1241)
622 (826)
31 (1666)
58 (1330)
181 (1235)
329 (964)
417 (971)
472 (2125)
573 (1229)
628 (1102)
651 (1288)
111 (1171)
154 (1447)
168 (1538)
213 (522)
436 (589)
580 (1667)
632 (1070)
832 (2062)
871 (2810)
988 (1164)
544 (773)
72 (2852)
295 (712)
585 (856)
220 (717)
981 (1542)
10 (1351)
132 (2641)
172 (663)
464 (848)
21 (2666)
32 (4248)
54 (2595)
136 (707)
239 (2742)
348 (1226)
753 (578)
100 (1749)
194 (517)
500 (1444)
48 (2472)
126 (1075)
319 (1371)
499 (743)
639 (1572)
765 (1705)
521 (1582)
112 (2680)
140 (2687)
285 (2600)
387 (2089)
511 (1015)
594 (1516)
93 (2777)
583 (1389)
606 (2668)
236 (2618)
952 (1574)
90 (1875)
593 (2601)
940 (536)
941 (1126)
122 (1081)
718 (1238)
1 (1535)
423 (1412)
516 (1544)
660 (610)
6 (2149)
69 (2370)
415 (877)
797 (2684)
913 (1939)
980 (899)
577 (1695)
110 (1801)
509 (3044)
611 (1444)
995 (1521)
155 (697)
343 (1599)
430 (580)
447 (863)
527 (1185)
533 (772)
33 (1460)
82 (674)
158 (884)
336 (1071)
989 (1289)
97 (1466)
574 (1297)
793 (3063)
598 (3219)
945 (536)
427 (1856)
470 (4137)
37 (1249)
383 (668)
858 (866)
992 (1116)
55 (1959)
95 (841)
159 (542)
347 (885)
481 (888)
897 (1935)
224 (919)
275 (1692)
364 (567)
51 (1612)
259 (1522)
973 (512)
45 (1728)
162 (1450)
378 (1149)
534 (1531)
711 (714)
633 (780)
672 (743)
906 (1444)
912 (1009)
44 (903)
96 (975)
117 (731)
315 (533)
576 (1337)
642 (830)
879 (865)
18 (813)
373 (2007)
716 (1199)
406 (785)
546 (1050)
568 (956)
665 (1297)
713 (716)
785 (947)
963 (1327)
349 (2041)
794 (624)
8 (3090)
197 (1230)
413 (2637)
749 (1330)
823 (1031)
94 (1201)
982 (1640)
984 (1756)
515 (1166)
692 (4993)
694 (2847)
567 (1102)
824 (565)
2 (673)
57 (2743)
800 (1916)
812 (1518)
41 (1353)
46 (543)
174 (579)
414 (1160)
590 (814)
923 (1753)
377 (1149)
518 (759)
160 (987)
456 (804)
752 (2578)
852 (538)
991 (1268)
905 (640)
998 (2713)
899 (1252)
114 (816)
595 (797)
710 (1044)
867 (1530)
170 (1203)
438 (4511)
563 (1065)
705 (888)
357 (1142)
659 (835)
719 (663)
332 (1861)
361 (1104)
421 (656)
322 (1154)
926 (672)
928 (1034)
75 (3151)
108 (940)
486 (1547)
440 (1943)
38 (2402)
252 (781)
784 (1257)
265 (1359)
187 (759)
624 (915)
686 (1495)
943 (821)
36 (528)
925 (652)
540 (1293)
492 (665)
468 (1089)
663 (2354)
819 (1257)
886 (3053)
429 (1037)
843 (1222)
129 (1547)
578 (1290)
510 (3281)
241 (784)
68 (1601)
216 (525)
860 (1255)
318 (812)
4 (1394)
339 (695)
304 (805)
887 (1671)
309 (1262)
804 (1315)
933 (523)
325 (1022)
648 (653)
745 (909)
934 (510)
128 (525)
268 (885)
298 (778)
826 (2022)
394 (1145)
525 (609)
707 (1354)
616 (568)
838 (953)
105 (1100)
815 (1358)
948 (1149)
345 (801)
868 (510)
308 (1402)
661 (2693)
634 (2492)
690 (778)
215 (781)
351 (1641)
139 (671)
405 (1525)
408 (607)
911 (586)
167 (625)
409 (651)
688 (1132)
949 (1414)
163 (1256)
893 (1947)
335 (1345)
922 (990)
173 (1080)
203 (861)
299 (522)
258 (1036)
629 (893)
760 (698)
66 (888)
314 (846)
321 (676)
85 (1555)
11 (525)
450 (2082)
428 (1021)
263 (654)
550 (1203)
769 (1622)
407 (634)
647 (551)
80 (826)
732 (799)
953 (525)
557 (587)
558 (957)
475 (663)
608 (999)
507 (950)
554 (1114)
771 (505)
366 (1031)
762 (792)
144 (505)
412 (517)
689 (817)
53 (535)
820 (1473)
212 (778)
156 (572)
909 (525)
831 (852)
833 (629)
207 (1214)
0 (594)
316 (578)
467 (742)
493 (583)
645 (581)
190 (531)
226 (658)
3 (531)
828 (542)
505 (791)
52 598 (539)
956 240 (524)
130 274 (544)
368 39 (565)
368 937 (701)
766 368 (504)
529 368 (640)
682 368 (1193)
653 368 (548)
368 296 (634)
368 829 (1194)
368 460 (502)
368 494 (860)
368 470 (581)
692 368 (928)
57 368 (568)
368 438 (518)
448 538 (723)
448 887 (621)
538 448 (723)
878 538 (767)
780 538 (511)
217 561 (519)
561 888 (678)
346 561 (666)
177 775 (510)
75 775 (787)
825 39 (1187)
704 825 (1102)
879 825 (537)
175 834 (543)
704 39 (1107)
419 39 (511)
145 39 (734)
895 120 (685)
620 120 (511)
862 120 (665)
638 120 (500)
120 885 (507)
12 120 (503)
120 829 (575)
120 132 (512)
90 120 (523)
120 593 (642)
793 120 (547)
120 510 (542)
120 309 (502)
529 205 (554)
205 21 (620)
401 571 (708)
401 758 (604)
401 460 (554)
581 966 (624)
581 419 (546)
631 581 (580)
704 884 (540)
829 814 (501)
720 674 (537)
419 854 (519)
899 854 (539)
403 950 (541)
857 21 (729)
793 857 (734)
413 857 (731)
895 862 (635)
895 593 (631)
884 937 (594)
937 72 (628)
509 937 (643)
57 937 (782)
450 937 (561)
229 758 (516)
283 217 (926)
283 346 (910)
283 33 (845)
283 515 (835)
883 708 (609)
978 708 (569)
766 71 (673)
766 279 (501)
766 597 (569)
766 183 (608)
766 175 (552)
766 960 (621)
766 684 (613)
766 477 (525)
692 766 (535)
883 853 (571)
571 853 (793)
853 623 (791)
795 853 (806)
883 978 (601)
883 774 (557)
883 494 (671)
746 966 (618)
966 438 (676)
708 978 (569)
143 460 (555)
919 143 (564)
143 481 (558)
569 392 (535)
461 569 (500)
569 801 (503)
569 862 (552)
90 620 (550)
793 620 (519)
620 510 (509)
620 309 (501)
862 798 (513)
960 185 (677)
471 185 (680)
678 185 (664)
214 956 (577)
214 354 (775)
411 350 (624)
350 572 (613)
350 579 (630)
350 803 (634)
350 842 (601)
529 782 (862)
529 829 (584)
529 591 (509)
529 598 (943)
682 494 (714)
782 529 (862)
782 598 (800)
947 217 (716)
947 177 (600)
947 32 (720)
947 285 (677)
546 947 (608)
923 947 (859)
947 661 (637)
227 390 (1049)
227 722 (995)
12 227 (657)
390 227 (1049)
390 722 (1042)
12 390 (687)
192 888 (534)
192 487 (517)
192 638 (529)
192 935 (775)
208 290 (803)
208 458 (796)
208 888 (829)
208 969 (806)
279 489 (547)
496 626 (761)
597 960 (504)
675 701 (540)
675 886 (823)
720 780 (587)
793 914 (568)
914 984 (546)
541 183 (529)
183 72 (575)
366 183 (616)
217 888 (539)
487 217 (546)
346 217 (1336)
217 33 (852)
546 217 (599)
515 217 (843)
923 217 (625)
510 217 (547)
394 217 (543)
661 217 (693)
197 878 (544)
175 910 (713)
571 623 (783)
795 571 (838)
795 623 (805)
960 471 (935)
678 960 (669)
461 392 (502)
801 392 (664)
862 392 (881)
242 392 (524)
392 489 (866)
461 862 (514)
862 801 (674)
862 944 (659)
862 494 (720)
862 593 (615)
862 105 (616)
862 815 (615)
27 354 (529)
58 27 (537)
411 572 (610)
411 579 (617)
411 803 (826)
411 842 (603)
572 579 (601)
572 803 (604)
842 572 (592)
803 579 (619)
842 579 (600)
842 803 (607)
572 842 (592)
458 290 (786)
290 888 (826)
969 290 (797)
458 888 (796)
969 458 (788)
523 998 (561)
969 888 (810)
487 888 (558)
638 888 (529)
935 888 (535)
346 888 (689)
349 888 (530)
494 944 (654)
54 944 (640)
998 944 (637)
105 944 (626)
815 944 (626)
70 684 (860)
765 70 (789)
70 819 (798)
480 354 (540)
419 145 (631)
419 797 (622)
665 419 (533)
419 752 (597)
722 227 (995)
722 390 (1042)
12 722 (740)
722 354 (566)
918 362 (532)
918 21 (511)
57 918 (504)
918 38 (506)
956 788 (733)
789 829 (1194)
789 93 (538)
975 606 (682)
116 673 (577)
631 541 (625)
17 541 (613)
956 541 (570)
541 494 (694)
541 72 (846)
236 541 (510)
541 963 (590)
541 41 (589)
678 471 (810)
242 471 (685)
471 758 (694)
471 871 (643)
471 663 (633)
217 487 (546)
638 487 (523)
935 487 (519)
510 487 (646)
631 735 (535)
631 780 (540)
631 494 (659)
631 963 (591)
120 638 (500)
935 638 (513)
638 132 (540)
780 735 (527)
17 956 (607)
242 758 (669)
242 489 (526)
956 214 (577)
956 17 (607)
956 354 (586)
956 236 (521)
385 684 (639)
6 676 (769)
885 617 (632)
617 522 (622)
617 354 (680)
583 617 (631)
158 617 (637)
12 132 (785)
829 296 (736)
58 354 (643)
583 354 (660)
158 354 (644)
752 354 (548)
684 460 (619)
765 684 (812)
923 684 (514)
684 438 (825)
75 684 (797)
684 819 (800)
210 829 (508)
346 33 (844)
515 346 (849)
829 368 (1194)
829 210 (508)
236 829 (566)
829 75 (510)
884 704 (540)
919 460 (591)
481 460 (526)
923 460 (574)
692 746 (578)
719 157 (519)
744 516 (678)
143 919 (564)
919 481 (536)
944 494 (654)
963 494 (611)
105 494 (622)
815 494 (625)
893 494 (572)
362 21 (523)
362 100 (595)
69 362 (757)
57 362 (538)
362 38 (617)
591 529 (509)
32 472 (609)
6 472 (635)
154 168 (574)
580 871 (541)
285 871 (523)
69 871 (515)
663 871 (624)
688 132 (580)
793 21 (765)
413 21 (756)
57 21 (661)
285 32 (687)
6 32 (607)
998 54 (637)
912 348 (562)
765 819 (787)
69 285 (513)
158 583 (639)
236 956 (521)
90 793 (519)
90 510 (510)
90 309 (536)
335 509 (639)
470 995 (754)
534 995 (750)
515 33 (824)
793 90 (519)
793 470 (581)
793 413 (766)
793 984 (656)
793 510 (535)
793 309 (507)
470 534 (764)
995 534 (750)
373 716 (585)
373 4 (572)
716 373 (585)
716 4 (576)
546 923 (600)
546 661 (610)
349 634 (512)
428 94 (508)
346 515 (849)
923 661 (623)
854 899 (539)
867 707 (504)
75 438 (772)
157 719 (519)
75 829 (510)
75 325 (500)
871 663 (624)
819 684 (800)
217 510 (547)
487 510 (646)
887 448 (621)
105 815 (616)
944 815 (626)
494 815 (625)
682 368 494 (591)
368 296 829 (501)
346 561 888 (605)
704 825 39 (1035)
895 862 120 (571)
895 120 593 (579)
862 120 593 (572)
793 857 21 (695)
793 413 857 (691)
413 857 21 (688)
895 862 593 (573)
283 346 217 (827)
283 217 33 (793)
283 515 217 (799)
283 346 33 (802)
283 515 346 (806)
283 515 33 (786)
883 978 708 (542)
571 853 623 (713)
795 571 853 (715)
795 853 623 (720)
883 708 978 (542)
960 471 185 (656)
678 960 185 (652)
678 471 185 (657)
411 350 572 (565)
411 350 579 (562)
411 350 803 (573)
411 350 842 (566)
350 572 579 (557)
350 572 803 (563)
350 803 579 (565)
350 842 579 (562)
350 842 803 (570)
529 782 598 (737)
529 598 782 (737)
782 598 529 (737)
947 661 217 (583)
947 32 285 (609)
947 285 32 (609)
546 947 217 (577)
546 923 947 (584)
546 947 661 (592)
923 947 217 (583)
923 947 661 (591)
227 722 390 (907)
12 227 390 (607)
12 227 722 (609)
390 722 227 (907)
12 390 227 (607)
12 390 722 (629)
192 935 888 (505)
192 935 487 (500)
192 935 638 (504)
208 458 290 (751)
208 290 888 (764)
208 969 290 (764)
208 458 888 (757)
208 969 458 (755)
208 969 888 (771)
346 217 33 (802)
515 346 217 (809)
546 923 217 (576)
546 661 217 (585)
346 515 217 (809)
515 217 33 (789)
923 661 217 (584)
795 571 623 (704)
678 960 471 (658)
862 801 392 (637)
862 494 944 (550)
862 105 944 (559)
862 815 944 (552)
862 944 494 (550)
862 105 494 (549)
862 815 494 (546)
862 105 815 (547)
862 944 815 (552)
862 494 815 (546)
411 572 579 (560)
411 572 803 (567)
411 842 572 (561)
411 803 579 (573)
411 842 579 (568)
411 842 803 (575)
411 572 842 (561)
572 803 579 (559)
842 572 579 (558)
842 572 803 (562)
572 842 579 (558)
572 842 803 (562)
842 803 579 (570)
458 290 888 (750)
969 458 290 (748)
969 290 888 (765)
969 458 888 (756)
944 815 494 (553)
998 54 944 (578)
105 815 944 (566)
494 944 815 (553)
70 684 819 (700)
765 70 684 (695)
765 70 819 (698)
70 819 684 (700)
722 227 390 (907)
12 722 227 (609)
12 722 390 (629)
631 494 541 (554)
631 963 541 (540)
541 963 494 (549)
242 471 758 (607)
631 541 494 (554)
631 963 494 (546)
158 617 354 (597)
158 583 617 (590)
829 368 296 (501)
158 583 354 (595)
765 684 819 (699)
75 684 438 (672)
515 346 33 (797)
346 515 33 (797)
494 815 944 (553)
105 815 494 (552)
6 32 472 (545)
793 413 21 (700)
765 819 684 (699)
470 534 995 (667)
373 716 4 (531)
716 373 4 (531)
546 923 661 (592)
793 857 21 413 (664)
515 346 217 283 (773)
960 471 185 678 (648)
411 350 572 803 (535)
411 350 842 803 (541)
546 947 661 217 (572)
546 923 947 217 (564)
546 923 947 661 (578)
923 947 661 217 (568)
12 227 722 390 (578)
12 722 227 390 (578)
208 969 458 888 (725)
346 515 217 33 (764)
546 923 661 217 (571)
515 346 217 33 (764)
862 494 815 944 (502)
862 105 815 944 (510)
862 944 815 494 (502)
862 105 815 494 (500)
411 842 572 803 (535)
411 572 842 803 (535)
631 963 541 494 (513)
546 947 661 217 923 (559)
