0 (594)
1 (1535)
10 (1351)
100 (1749)
104 (1158)
105 (1100)
105 494 (622)
105 815 (616)
105 815 494 (552)
105 815 944 (566)
105 944 (626)
108 (940)
11 (525)
110 (1801)
111 (1171)
112 (2680)
114 (816)
115 (1775)
116 (2193)
116 673 (577)
117 (731)
118 (916)
12 (3415)
12 120 (503)
12 132 (785)
12 227 (657)
12 227 390 (607)
12 227 722 (609)
12 227 722 390 (578)
12 390 (687)
12 390 227 (607)
12 390 722 (629)
12 722 (740)
12 722 227 (609)
12 722 227 390 (578)
12 722 390 (629)
120 (4973)
120 132 (512)
120 309 (502)
120 510 (542)
120 593 (642)
120 638 (500)
120 829 (575)
120 885 (507)
122 (1081)
125 (1287)
126 (1075)
128 (525)
129 (1547)
130 (1711)
130 274 (544)
132 (2641)
136 (707)
139 (671)
140 (2687)
143 (1417)
143 460 (555)
143 481 (558)
143 919 (564)
144 (505)
145 (4559)
145 39 (734)
147 (1383)
151 (2611)
154 (1447)
154 168 (574)
155 (697)
156 (572)
157 (1140)
157 719 (519)
158 (884)
158 354 (644)
158 583 (639)
158 583 354 (595)
158 583 617 (590)
158 617 (637)
158 617 354 (597)
159 (542)
160 (987)
161 (2320)
162 (1450)
163 (1256)
164 (744)
167 (625)
168 (1538)
17 (1683)
17 541 (613)
17 956 (607)
170 (1203)
171 (1097)
172 (663)
173 (1080)
174 (579)
175 (2791)
175 834 (543)
175 910 (713)
176 (582)
177 (4629)
177 775 (510)
178 (654)
18 (813)
181 (1235)
183 (3883)
183 72 (575)
185 (1529)
187 (759)
188 (650)
190 (531)
192 (2004)
192 487 (517)
192 638 (529)
192 888 (534)
192 935 (775)
192 935 487 (500)
192 935 638 (504)
192 935 888 (505)
193 (925)
194 (517)
196 (2096)
197 (1230)
197 878 (544)
198 (1461)
2 (673)
201 (1029)
203 (861)
204 (2174)
205 (3605)
205 21 (620)
207 (1214)
208 (1483)
208 290 (803)
208 290 888 (764)
208 458 (796)
208 458 290 (751)
208 458 888 (757)
208 888 (829)
208 969 (806)
208 969 290 (764)
208 969 458 (755)
208 969 458 888 (725)
208 969 888 (771)
21 (2666)
210 (2009)
210 829 (508)
212 (778)
213 (522)
214 (1893)
214 354 (775)
214 956 (577)
215 (781)
216 (525)
217 (5375)
217 33 (852)
217 487 (546)
217 510 (547)
217 561 (519)
217 888 (539)
220 (717)
224 (919)
226 (658)
227 (1818)
227 390 (1049)
227 722 (995)
227 722 390 (907)
229 (2281)
229 758 (516)
234 (1416)
236 (2618)
236 541 (510)
236 829 (566)
236 956 (521)
239 (2742)
240 (1399)
241 (784)
242 (2325)
242 392 (524)
242 471 (685)
242 471 758 (607)
242 489 (526)
242 758 (669)
249 (615)
25 (1395)
252 (781)
256 (785)
258 (1036)
259 (1522)
26 (527)
262 (660)
263 (654)
265 (1359)
266 (1022)
268 (885)
27 (2165)
27 354 (529)
272 (659)
274 (2628)
275 (1692)
276 (2479)
277 (982)
278 (657)
279 (3014)
279 489 (547)
28 (1454)
280 (2108)
283 (4082)
283 217 (926)
283 217 33 (793)
283 33 (845)
283 346 (910)
283 346 217 (827)
283 346 33 (802)
283 515 (835)
283 515 217 (799)
283 515 33 (786)
283 515 346 (806)
285 (2600)
285 32 (687)
285 871 (523)
290 (1793)
290 888 (826)
294 (1445)
295 (712)
296 (2210)
298 (778)
299 (522)
3 (531)
300 (582)
304 (805)
307 (702)
308 (1402)
309 (1262)
31 (1666)
310 (1390)
314 (846)
315 (533)
316 (578)
318 (812)
319 (1371)
32 (4248)
32 472 (609)
320 (540)
321 (676)
322 (1154)
325 (1022)
326 (1488)
327 (662)
328 (663)
329 (964)
33 (1460)
332 (1861)
334 (2146)
335 (1345)
335 509 (639)
336 (1071)
339 (695)
343 (1599)
345 (801)
346 (3470)
346 217 (1336)
346 217 33 (802)
346 33 (844)
346 515 (849)
346 515 217 (809)
346 515 217 33 (764)
346 515 33 (797)
346 561 (666)
346 561 888 (605)
346 888 (689)
347 (885)
348 (1226)
349 (2041)
349 634 (512)
349 888 (530)
35 (1984)
350 (3069)
350 572 (613)
350 572 579 (557)
350 572 803 (563)
350 579 (630)
350 803 (634)
350 803 579 (565)
350 842 (601)
350 842 579 (562)
350 842 803 (570)
351 (1641)
352 (902)
354 (5835)
355 (958)
357 (1142)
36 (528)
361 (1104)
362 (4388)
362 100 (595)
362 21 (523)
362 38 (617)
364 (567)
366 (1031)
366 183 (616)
368 (7828)
368 296 (634)
368 296 829 (501)
368 39 (565)
368 438 (518)
368 460 (502)
368 470 (581)
368 494 (860)
368 829 (1194)
368 937 (701)
369 (592)
37 (1249)
373 (2007)
373 4 (572)
373 716 (585)
373 716 4 (531)
377 (1149)
378 (1149)
38 (2402)
381 (2959)
383 (668)
385 (1676)
385 684 (639)
387 (2089)
388 (938)
39 (4258)
390 (2685)
390 227 (1049)
390 722 (1042)
390 722 227 (907)
392 (2420)
392 489 (866)
394 (1145)
394 217 (543)
395 (990)
4 (1394)
401 (3667)
401 460 (554)
401 571 (708)
401 758 (604)
403 (1722)
403 950 (541)
405 (1525)
406 (785)
407 (634)
408 (607)
409 (651)
41 (1353)
411 (2047)
411 350 (624)
411 350 572 (565)
411 350 572 803 (535)
411 350 579 (562)
411 350 803 (573)
411 350 842 (566)
411 350 842 803 (541)
411 572 (610)
411 572 579 (560)
411 572 803 (567)
411 572 842 (561)
411 572 842 803 (535)
411 579 (617)
411 803 (826)
411 803 579 (573)
411 842 (603)
411 842 572 (561)
411 842 572 803 (535)
411 842 579 (568)
411 842 803 (575)
412 (517)
413 (2637)
413 21 (756)
413 857 (731)
413 857 21 (688)
414 (1160)
415 (877)
417 (971)
419 (5057)
419 145 (631)
419 39 (511)
419 752 (597)
419 797 (622)
419 854 (519)
421 (656)
422 (1255)
423 (1412)
424 (1448)
427 (1856)
428 (1021)
428 94 (508)
429 (1037)
43 (1721)
430 (580)
432 (985)
436 (589)
438 (4511)
44 (903)
440 (1943)
447 (863)
448 (1370)
448 538 (723)
448 887 (621)
449 (1890)
45 (1728)
450 (2082)
450 937 (561)
456 (804)
458 (1124)
458 290 (786)
458 290 888 (750)
458 888 (796)
46 (543)
460 (4438)
461 (1498)
461 392 (502)
461 569 (500)
461 862 (514)
464 (848)
467 (742)
468 (1089)
469 (1502)
470 (4137)
470 534 (764)
470 534 995 (667)
470 995 (754)
471 (2894)
471 185 (680)
471 663 (633)
471 758 (694)
471 871 (643)
472 (2125)
474 (815)
475 (663)
477 (2462)
478 (522)
48 (2472)
480 (2309)
480 354 (540)
481 (888)
481 460 (526)
484 (971)
486 (1547)
487 (3135)
487 217 (546)
487 510 (646)
487 888 (558)
489 (3420)
490 (1066)
492 (665)
493 (583)
494 (5102)
494 815 (625)
494 815 944 (553)
494 944 (654)
494 944 815 (553)
496 (1428)
496 626 (761)
499 (743)
5 (1094)
500 (1444)
504 (1296)
505 (791)
507 (950)
509 (3044)
509 937 (643)
51 (1612)
510 (3281)
510 217 (547)
510 487 (646)
511 (1015)
512 (611)
513 (1287)
515 (1166)
515 217 (843)
515 217 33 (789)
515 33 (824)
515 346 (849)
515 346 217 (809)
515 346 217 283 (773)
515 346 217 33 (764)
515 346 33 (797)
516 (1544)
517 (1201)
518 (759)
52 (1983)
52 598 (539)
521 (1582)
522 (2725)
523 (2244)
523 998 (561)
525 (609)
526 (2793)
527 (1185)
528 (576)
529 (7057)
529 205 (554)
529 368 (640)
529 591 (509)
529 598 (943)
529 598 782 (737)
529 782 (862)
529 782 598 (737)
529 829 (584)
53 (535)
530 (1263)
533 (772)
534 (1531)
534 995 (750)
538 (3982)
538 448 (723)
54 (2595)
54 944 (640)
540 (1293)
541 (3735)
541 183 (529)
541 41 (589)
541 494 (694)
541 72 (846)
541 963 (590)
541 963 494 (549)
544 (773)
546 (1050)
546 217 (599)
546 661 (610)
546 661 217 (585)
546 923 (600)
546 923 217 (576)
546 923 661 (592)
546 923 661 217 (571)
546 923 947 (584)
546 923 947 217 (564)
546 923 947 661 (578)
546 947 (608)
546 947 217 (577)
546 947 661 (592)
546 947 661 217 (572)
546 947 661 217 923 (559)
548 (2843)
55 (1959)
550 (1203)
554 (1114)
557 (587)
558 (957)
561 (2783)
561 888 (678)
563 (1065)
565 (640)
567 (1102)
568 (956)
569 (2835)
569 392 (535)
569 801 (503)
569 862 (552)
57 (2743)
57 21 (661)
57 362 (538)
57 368 (568)
57 918 (504)
57 937 (782)
571 (2902)
571 623 (783)
571 853 (793)
571 853 623 (713)
572 (1589)
572 579 (601)
572 803 (604)
572 803 579 (559)
572 842 (592)
572 842 579 (558)
572 842 803 (562)
573 (1229)
574 (1297)
576 (1337)
577 (1695)
578 (1290)
579 (2164)
58 (1330)
58 27 (537)
58 354 (643)
580 (1667)
580 871 (541)
581 (2943)
581 419 (546)
581 966 (624)
583 (1389)
583 354 (660)
583 617 (631)
585 (856)
590 (814)
591 (1241)
591 529 (509)
593 (2601)
594 (1516)
595 (797)
597 (2883)
597 960 (504)
598 (3219)
6 (2149)
6 32 (607)
6 32 472 (545)
6 472 (635)
6 676 (769)
600 (1192)
605 (1652)
606 (2668)
608 (999)
611 (1444)
614 (3134)
616 (568)
617 (2614)
617 354 (680)
617 522 (622)
618 (1337)
620 (2100)
620 120 (511)
620 309 (501)
620 510 (509)
622 (826)
623 (1845)
624 (915)
626 (874)
628 (1102)
629 (893)
630 (1523)
631 (2793)
631 494 (659)
631 494 541 (554)
631 541 (625)
631 541 494 (554)
631 581 (580)
631 735 (535)
631 780 (540)
631 963 (591)
631 963 494 (546)
631 963 541 (540)
631 963 541 494 (513)
632 (1070)
633 (780)
634 (2492)
638 (2288)
638 120 (500)
638 132 (540)
638 487 (523)
638 888 (529)
639 (1572)
640 (932)
641 (1494)
642 (830)
645 (581)
647 (551)
648 (653)
649 (1292)
651 (1288)
653 (2634)
653 368 (548)
657 (506)
658 (1881)
659 (835)
66 (888)
660 (610)
661 (2693)
661 217 (693)
663 (2354)
663 871 (624)
665 (1297)
665 419 (533)
672 (743)
673 (1635)
674 (2527)
675 (2976)
675 701 (540)
675 886 (823)
676 (2717)
678 (1329)
678 185 (664)
678 471 (810)
678 471 185 (657)
678 960 (669)
678 960 185 (652)
678 960 471 (658)
68 (1601)
682 (4132)
682 368 (1193)
682 368 494 (591)
682 494 (714)
684 (5408)
684 438 (825)
684 460 (619)
684 819 (800)
686 (1495)
687 (1762)
688 (1132)
688 132 (580)
689 (817)
69 (2370)
69 285 (513)
69 362 (757)
69 871 (515)
690 (778)
692 (4993)
692 368 (928)
692 746 (578)
692 766 (535)
694 (2847)
7 (997)
70 (2411)
70 684 (860)
70 684 819 (700)
70 819 (798)
70 819 684 (700)
701 (1283)
703 (546)
704 (1794)
704 39 (1107)
704 825 (1102)
704 825 39 (1035)
704 884 (540)
705 (888)
706 (1923)
707 (1354)
708 (1090)
708 978 (569)
709 (672)
71 (3507)
710 (1044)
711 (714)
712 (845)
713 (716)
716 (1199)
716 373 (585)
716 373 4 (531)
716 4 (576)
718 (1238)
719 (663)
719 157 (519)
72 (2852)
720 (3864)
720 674 (537)
720 780 (587)
722 (5845)
722 227 (995)
722 227 390 (907)
722 354 (566)
722 390 (1042)
723 (829)
73 (2179)
730 (602)
731 (560)
732 (799)
733 (1141)
735 (1689)
736 (1470)
738 (2129)
740 (1632)
742 (953)
744 (2177)
744 516 (678)
745 (909)
746 (1982)
746 966 (618)
749 (1330)
75 (3151)
75 325 (500)
75 438 (772)
75 684 (797)
75 684 438 (672)
75 775 (787)
75 829 (510)
752 (2578)
752 354 (548)
753 (578)
758 (2860)
759 (788)
760 (698)
762 (792)
763 (1862)
765 (1705)
765 684 (812)
765 684 819 (699)
765 70 (789)
765 70 684 (695)
765 70 819 (698)
765 819 (787)
765 819 684 (699)
766 (6265)
766 175 (552)
766 183 (608)
766 279 (501)
766 368 (504)
766 477 (525)
766 597 (569)
766 684 (613)
766 71 (673)
766 960 (621)
769 (1622)
771 (505)
774 (2046)
775 (3771)
778 (2514)
78 (2471)
780 (2306)
780 538 (511)
780 735 (527)
782 (2767)
782 529 (862)
782 598 (800)
782 598 529 (737)
784 (1257)
785 (947)
788 (2386)
789 (4309)
789 829 (1194)
789 93 (538)
790 (1094)
792 (1306)
793 (3063)
793 120 (547)
793 21 (765)
793 309 (507)
793 413 (766)
793 413 21 (700)
793 413 857 (691)
793 470 (581)
793 510 (535)
793 620 (519)
793 857 (734)
793 857 21 (695)
793 857 21 413 (664)
793 90 (519)
793 914 (568)
793 984 (656)
794 (624)
795 (3361)
795 571 (838)
795 571 623 (704)
795 571 853 (715)
795 623 (805)
795 853 (806)
795 853 623 (720)
797 (2684)
798 (3103)
8 (3090)
80 (826)
800 (1916)
801 (835)
801 392 (664)
803 (2237)
803 579 (619)
804 (1315)
805 (1789)
809 (2163)
810 (1267)
812 (1518)
814 (1672)
815 (1358)
815 494 (625)
815 944 (626)
819 (1257)
819 684 (800)
82 (674)
820 (1473)
823 (1031)
824 (565)
825 (3085)
825 39 (1187)
826 (2022)
828 (542)
829 (6810)
829 210 (508)
829 296 (736)
829 368 (1194)
829 368 296 (501)
829 75 (510)
829 814 (501)
830 (841)
831 (852)
832 (2062)
833 (629)
834 (1373)
835 (732)
837 (619)
838 (953)
839 (854)
841 (1927)
842 (752)
842 572 (592)
842 572 579 (558)
842 572 803 (562)
842 579 (600)
842 803 (607)
842 803 579 (570)
843 (1222)
844 (2814)
845 (585)
846 (1480)
85 (1555)
851 (577)
852 (538)
853 (1804)
853 623 (791)
854 (2847)
854 899 (539)
855 (939)
857 (1588)
857 21 (729)
858 (866)
859 (1242)
860 (1255)
862 (3649)
862 105 (616)
862 105 494 (549)
862 105 815 (547)
862 105 815 494 (500)
862 105 815 944 (510)
862 105 944 (559)
862 120 (665)
862 120 593 (572)
862 392 (881)
862 494 (720)
862 494 815 (546)
862 494 815 944 (502)
862 494 944 (550)
862 593 (615)
862 798 (513)
862 801 (674)
862 801 392 (637)
862 815 (615)
862 815 494 (546)
862 815 944 (552)
862 944 (659)
862 944 494 (550)
862 944 815 (552)
862 944 815 494 (502)
867 (1530)
867 707 (504)
868 (510)
871 (2810)
871 663 (624)
874 (2237)
878 (2047)
878 538 (767)
879 (865)
879 825 (537)
883 (4902)
883 494 (671)
883 708 (609)
883 708 978 (542)
883 774 (557)
883 853 (571)
883 978 (601)
883 978 708 (542)
884 (1645)
884 704 (540)
884 937 (594)
885 (3043)
885 617 (632)
886 (3053)
887 (1671)
887 448 (621)
888 (3686)
890 (1437)
893 (1947)
893 494 (572)
895 (3385)
895 120 (685)
895 120 593 (579)
895 593 (631)
895 862 (635)
895 862 120 (571)
895 862 593 (573)
897 (1935)
899 (1252)
899 854 (539)
90 (1875)
90 120 (523)
90 309 (536)
90 510 (510)
90 620 (550)
90 793 (519)
900 (1165)
903 (711)
905 (640)
906 (1444)
909 (525)
910 (1695)
911 (586)
912 (1009)
912 348 (562)
913 (1939)
914 (4037)
914 984 (546)
918 (3012)
918 21 (511)
918 362 (532)
918 38 (506)
919 (3710)
919 143 (564)
919 460 (591)
919 481 (536)
921 (2425)
922 (990)
923 (1753)
923 217 (625)
923 460 (574)
923 661 (623)
923 661 217 (584)
923 684 (514)
923 947 (859)
923 947 217 (583)
923 947 661 (591)
923 947 661 217 (568)
925 (652)
926 (672)
928 (1034)
93 (2777)
932 (1786)
933 (523)
934 (510)
935 (1742)
935 487 (519)
935 638 (513)
935 888 (535)
937 (4681)
937 72 (628)
938 (766)
94 (1201)
940 (536)
941 (1126)
943 (821)
944 (2794)
944 494 (654)
944 815 (626)
944 815 494 (553)
945 (536)
946 (1350)
947 (3690)
947 177 (600)
947 217 (716)
947 285 (677)
947 285 32 (609)
947 32 (720)
947 32 285 (609)
947 661 (637)
947 661 217 (583)
948 (1149)
949 (1414)
95 (841)
950 (1463)
952 (1574)
953 (525)
956 (3626)
956 17 (607)
956 214 (577)
956 236 (521)
956 240 (524)
956 354 (586)
956 541 (570)
956 788 (733)
96 (975)
960 (2732)
960 185 (677)
960 471 (935)
960 471 185 (656)
960 471 185 678 (648)
963 (1327)
963 494 (611)
964 (1518)
966 (3921)
966 438 (676)
967 (1695)
969 (849)
969 290 (797)
969 290 888 (765)
969 458 (788)
969 458 290 (748)
969 458 888 (756)
969 888 (810)
97 (1466)
970 (2086)
973 (512)
975 (1764)
975 606 (682)
978 (1141)
978 708 (569)
980 (899)
981 (1542)
982 (1640)
984 (1756)
988 (1164)
989 (1289)
991 (1268)
992 (1116)
995 (1521)
995 534 (750)
998 (2713)
998 54 (637)
998 54 944 (578)
998 944 (637)
